56
3016.0 639.0 0
3733.0 870.0 0
3782.0 1723.0 0
3894.0 2042.0 0
4042.0 1865.0 0
4932.0 1865.0 0
4685.0 1385.0 0
4475.0 1190.0 0
4005.0 3055.0 0
3968.0 3499.0 0
2670.0 3463.0 0
3968.0 4867.0 0
3931.0 5542.0 0
3510.0 5329.0 0
2274.0 4938.0 0
1916.0 6501.0 0
2855.0 6679.0 0
1829.0 7762.0 0
890.0 7780.0 0
3152.0 7052.0 0
3276.0 7993.0 0
3782.0 8029.0 0
4499.0 7620.0 0
4982.0 7229.0 0
4895.0 5879.0 0
5192.0 5133.0 0
4858.0 6341.0 0
6168.0 4458.0 0
7491.0 3925.0 0
8332.0 2771.0 0
7837.0 2469.0 0
7083.0 3552.0 0
5934.0 3073.0 0
5365.0 2575.0 0
5019.0 2557.0 0
5080.0 3144.0 0
5229.0 3375.0 0
5822.0 5133.0 0
6057.0 5577.0 0
6774.0 6075.0 0
6069.0 5862.0 0
5736.0 6163.0 0
5439.0 5790.0 0
5390.0 5417.0 0
6082.0 6590.0 0
5859.0 6839.0 0
6082.0 7158.0 0
7058.0 6377.0 0
7194.0 6501.0 0
8394.0 6714.0 0
8097.0 7442.0 0
5192.0 9112.0 0
4190.0 7833.0 0
4413.0 8899.0 0
9036.0 2948.0 0
8245.0 4103.0 0
69
0 1
1 2
2 3
3 4
4 2
4 5
5 6
6 7
7 1
3 8
8 9
9 10
9 11
11 12
12 13
13 14
14 15
15 13
15 16
16 13
16 17
17 18
18 17
18 15
16 19
19 20
20 21
21 22
22 23
23 24
24 25
24 26
26 23
26 19
25 27
27 28
28 29
29 30
31 30
31 32
32 33
33 34
34 5
34 35
35 8
35 36
36 25
25 37
37 38
38 39
38 40
40 41
41 42
42 43
43 25
41 44
44 45
45 46
39 47
47 48
48 49
49 50
23 51
22 52
52 21
52 53
29 54
54 55
55 28
